[mounting]
delta_theta = [ 3.21265441263762774e-08, 0.993923061602969504, 4.66218319118734215, 0.627072051612249437, 8.96026708424764451e-07, -1.79870334136248561e-07]
delta_a = [ 1.96439486059844311e-05, 0.193342065026589349, 0.0750747808144029416, 1.09652085438549864e-05, 5.49689101715195052e-05, 0]
delta_d = [ -0.000417760743704309601, 123.190176207314096, -180.284242205281231, 57.0940397453512176, -0.000176097537962202622, -0.000260164467127427246]
delta_alpha = [ -0.00149187545876361405, 0.00288995658036257522, 0.00402498419568997172, -0.000871253415242412288, 0.00177078634308913685, 0]
joint_checksum = [ 0xa643fed8, 0xa63cd132, 0x2752fa6e, 0xb11dd94c, 0xb0eec4e7, 0xb11dfb18]
calibration_status = 2 # 0 == notInitialized / 1 == notLinearised / 2 == Linearised
joint_raw_offset = [ 1.11295509338378906, 1.13499867916107178, -5.20127105712890625, 3.08335733413696289, 3.11337041854858398, 3.1166691780090332]
joint_selftest_data_crc = [ 0x66b58988, 0x66ab898f, 0x66ac899e, 0x70d88392, 0x70a78371, 0x70d68396]
